1
4
200 100 40 2
6
1 2 10
1 3 5
2 1 25
3 2 10
3 4 5
4 1 50


1
6
50 40 20 10 60 30
9
1 2 2
1 3 4 
2 3 1
2 4 7
3 5 3
5 4 2
4 6 1 
5 6 5
6 1 2



1
3
100 10000000 25000000
3
1 2 10
2 3 50
2 1 5



5
6
50 40 20 10 60 30
8
1 2 2
1 3 4 
2 3 1
2 4 7
3 5 3
5 4 2
4 6 1 
5 6 5
4
200 100 40 2
6
1 2 10
1 3 5
2 1 25
3 2 10
3 4 5
4 1 50
1
2000
0
100
14484412 849689842 233445566 467889234 780234568 894526810 357911345 602468932 889002244 723456788 456781234 120439687 569802344 901234568 345678902 587908741 123456780 987654322 345678910 567891234 230147896 789023456 578901234 432109876 543217890 789065432 987654320 456789012 789012345 230147898 901234567 890123456 876543210 890123456 902345678 789012345 543210987 987654320 234567890 654321098 890123456 654321098 876543210 987654321 234567890 890123456 987654321 654321098 987654320 123456789 987654321 234567890 987654320 890123456 987654321 234567890 890123456 987654321 234567890 987654321 234567890 987654320 123456789 987654321 234567890 987654320 890123456 987654321 234567890 987654321 234567890 987654321 234567890 987654321 234567890 987654321 234567890 987654321 234567890 987654321 234567890 987654321 234567890 987654321 234567890 987654321 234567890 987654321 234567890 987654321 234567890 987654321 234567890 987654321 234567890 987654321 234567890 987654321 234567890 987654321
101
1 29 19036
2 61 79115
3 87 23902
4 70 45267
5 11 77882
6 44 88321
7 66 998
8 55 58725
9 92 78161
10 13 61021
11 81 29974
12 42 15712
13 73 7226
14 65 52295
15 52 99896
16 37 30257
17 56 63094
18 68 12429
19 46 90061
20 69 4795
21 10 61552
22 34 38962
23 38 18162
24 49 10079
25 93 19224
26 95 61843
27 62 61267
28 94 36258
29 88 49216
30 25 67926
31 24 38721
32 67 17516
33 26 97088
34 58 13916
35 43 65516
36 76 86098
37 82 88568
38 20 52041
39 53 29173
40 30 66962
41 78 17922
42 97 36615
43 50 6229
44 33 5533
45 21 54164
46 35 34962
47 71 83296
48 63 26333
49 22 63539
50 12 79127
51 77 98268
52 57 60784
53 89 17051
54 60 62411
55 48 65293
56 79 14552
57 64 29578
58 28 99891
59 72 26719
60 31 9252
61 83 15458
62 14 70815
63 40 50126
64 91 27814
65 15 82364
66 19 81169
67 16 69279
68 54 45286
69 86 78292
70 36 13082
71 51 50762
72 18 76809
73 39 19095
74 45 70963
75 84 93725
76 59 37295
77 32 42194
78 74 34589
79 80 53928
80 85 16098
81 41 47236
82 23 79145
83 90 22914
84 75 16894
85 27 59382
86 47 12347
87 17 54601
88 96 99724
89 7 37864
90 9 90016
91 8 62903
92 3 87169
93 1 32108
94 6 90528
95 4 63791
96 97 76351
97 98 51294
98 99 87256
99 100 96741
100 2 38461
2 1 2
10
500 450 440 530 300 250 510 446 380 200
20
1 2 15
1 3 14
3 2 10
3 5 20
3 6 18
6 5 12
6 1 10
6 9 10
5 4 3
4 2 6
2 1 8
5 7 9
5 8 9
8 10 6
9 10 2
10 7 2
7 5 5
5 6 6
8 7 2
4 5 2