8
3 4
2 8
5 4
1 8
4 7
3 10
11 2
7 3
6
5 12
3 7
3 3
4 5
0 4
2 6

8
3 4
2 8
5 4
1 8
4 7
3 10
11 2
7 3
7
5 12
3 7
3 3
4 5
0 4
2 6
3 5



10
1 1
4 1
1 4
4 4
1 2
2 1
1 3
3 1
2 2
3 3
6
0 1
1 0
5 5
0 0
4 5
5 4


6
1 1
2 5
-4 2 
3 4
5 5
6 0
2 
2 3
3 4





20
0 4
2 2
3 1
9 0
14 2
15 3
15 5
14 7
10 8
2 7
3 5
4 4
5 2
5 5
6 6
11 7
12 5
13 4
13 3
11 2
1
3 3 



10
0 4
2 2
3 1
9 0
14 2
15 3
15 5
14 7
10 8
2 7
10
3 5
4 4
5 2
5 5
6 6
11 7
12 5
13 4
13 3
11 2



8
1 7
4 7
7 7
1 4
7 4
1 1 
4 1
7 1
5
3 5
5 5
4 4
3 3
5 3


13
1 7
4 7
7 7
1 4
7 4
1 1 
4 1
7 1
3 5
5 5
4 4
3 3
5 3
1
1 1


13
1 7
4 7
7 7
1 4
7 4
1 1 
4 1
7 1
3 5
5 5
4 4
3 3
5 3
8
0 4
0 0
0 8
4 8
8 8
8 4
8 0
4 0



10
1 1
4 1
1 4
4 4
1 2
2 1
1 3
3 1
2 2
3 3
22
1 1
1 2
2 2
3 3
4 3
4 4
1 0
2 0
3 0
4 0
0 1
0 2
0 3
0 4
5 1
5 2
5 3
5 4
1 5
2 5
3 5
4 5

