6
100
9017
407
4398
-5690
-199
-2188
-9977
-2031
-6330
9716
-6170
8837
3109
-6484
-7894
4364
-869
-576
-9883
-7568
-2129
-2775
4650
4299
533
-696
4573
-1476
866
557
-4495
7407
-6684
-8368
-3302
5164
-6774
8545
-5673
1684
-3122
-1409
5734
-9771
7534
-1513
-442
6212
5194
3789
3604
1760
46
1007
9249
9743
9856
-3935
-1829
5389
-7280
6912
-5975
-8556
9211
-4181
-7978
564
2826
4734
5814
-8904
-5584
8363
3158
-295
-7180
-4848
4714
2639
8634
279
-1955
73
6930
7936
8115
-520
2177
-4555
7255
-8262
7300
-9286
-4028
3360
-3174
-169
-7228
1000000000
2
2
1
5
5 1 8 3 7
1
5
1
0
0
0